4.374999999999982305e+06,0.000000000000000000e+00,-4.374999999999982305e+06,0.000000000000000000e+00,-4.374999999999982305e+06,4.374999999999982305e+06
0.000000000000000000e+00,1.093749999999995902e+07,-1.093749999999995902e+07,-2.187499999999991152e+06,0.000000000000000000e+00,2.187499999999991152e+06
-4.374999999999982305e+06,-1.093749999999995902e+07,1.531249999999994040e+07,2.187499999999991152e+06,4.374999999999982305e+06,-6.562499999999973923e+06
0.000000000000000000e+00,-2.187499999999991152e+06,2.187499999999991152e+06,1.093749999999995902e+07,0.000000000000000000e+00,-1.093749999999995902e+07
-4.374999999999982305e+06,0.000000000000000000e+00,4.374999999999982305e+06,0.000000000000000000e+00,4.374999999999982305e+06,-4.374999999999982305e+06
4.374999999999982305e+06,2.187499999999991152e+06,-6.562499999999973923e+06,-1.093749999999995902e+07,-4.374999999999982305e+06,1.531249999999994040e+07
